study2 <- c("Plebani et al. 2013", "Plebani et al. 2013",
            "Fucito et al. 2011", "Fucito et al. 2011",
            "Litten et al. 2013", "Litten et al. 2013",
            "Mitchell et al. 2012", "Mitchell et al. 2012",
            "Bejczy et al. 2015", "Bejczy et al. 2015",
            "Vatsalya et al. 2015", "Vatsalya et al. 2015",
            "Verplaetse et al. 2016", "Verplaetse et al. 2016")

clinical_trial2 <- c("NCT00705523", "NCT00705523",
                     NA, NA,
                     "NCT01146613", "NCT01146613",
                     "NCT01011907", "NCT01011907",
                     "NCT00846859", "NCT00846859",
                     "NCT00695500", "NCT00695500",
                     NA, NA)

sample_size2 <- c(21, 19,
                  15, 15,
                  101, 97,
                  31, 33,
                  85, 86,
                  12, 17,
                  17, 15)

duration2 <- c(13, 13, 
               8,  8,
               13, 13,
               16, 16,
               12, 12,
               3,  3,
               4,  4)

drug2 <- c("PBO", "VAR2mg",
           "PBO", "VAR2mg",
           "PBO", "VAR2mg",
           "PBO", "VAR2mg",
           "PBO", "VAR2mg",
           "PBO", "VAR2mg",
           "PBO", "VAR2mg")

#################################################################################

age2 <- c(48.1,  44.8,
         43.47, 42.87,
         45,    46,
         25.00, 29.00, #median
         55.6,  54.6,
         37.9,  29.8,
         35.3,  34.4)

ageSD2 <- c(10.5, 12.3,
            7.99, 8.52,
            11,   12.3,
            NA,   NA,
            0.88, 1,
            13.5, 9.4,
            9.47, 12.6)

gender2 <- c(90.5,  78.9,
             53,    53,
             68.3,  73.2,
             55.00, 65.00,
             65,    59,
             92,    82,
             65,    73)

race2 <- c(71.4,  42.1,
           87,    93,
           70.3,  61.9,
           73.00, 64.00,
           NA,    NA,
           NA,    NA,
           47,    80)

married2 <- c(NA,    NA,
              NA,    NA,
              45.4,  37.6,
              NA,    NA,
              70.58, 65.11,
              NA,    NA,
              24,    0)

educated2 <- c(NA,    NA,
               73,    80,
               61.9,  71.3,
               NA,    NA,
               42,    40,
               NA,    NA,
               NA,    NA)

employed2 <- c(NA,    NA,
               NA,    NA,
               71.1,  76.2,
               NA,    NA,
               NA,    NA,
               NA,    NA,
               NA,    NA)

#######################################################################

OCDS <- c(NA, NA,
          NA, NA,
          NA, NA,
          -4.36, -3.07,
          6.18, 4.54,
          NA, NA,
          NA, NA)

OCDS_SD <- c(NA, NA,
          NA, NA,
          NA, NA,
          0.205, 0.389,
          1.57, 1.69,
          NA, NA,
          NA, NA)

PACS <- c(NA, NA,
          NA, NA,
          NA, NA,
          NA, NA,
          NA, NA,
          NA, NA,
          NA, NA)

PACS_SD <- c(NA, NA,
             NA, NA,
             NA, NA,
             NA, NA,
             NA, NA,
             NA, NA,
             NA, NA)

AUQ <- c(NA, NA,
         NA, NA,
         NA, NA,
         NA, NA,
         NA, NA,
         26.82, 23.65,
         NA, NA)

AUQ_SD <- c(NA, NA,
            NA, NA,
            NA, NA,
            NA, NA,
            NA, NA,
            3.7, 2.74,
            NA, NA)








######################################################################
total_seriousAE_percent2 <- c(0.00, 0.00,
                              0.00, 0.00,
                              1.98, 2.06,
                              3.23, 0.00,
                              NA,   NA, #need to contact
                              NA,   NA,
                              NA,   NA) #need to contact

gout_percent2 <- c(NA, NA,
                   NA, NA,
                   0.99, 0.00,
                   NA, NA,
                   NA, NA,
                   NA, NA,
                   NA, NA)

herniatedDisc_percent2 <- c(NA, NA,
                            NA, NA,
                            0.99, 0.00,
                            NA, NA,
                            NA, NA,
                            NA, NA,
                            NA, NA)

backInjury_percent2 <- c(NA, NA,
                         NA, NA,
                         0.00, 1.03,
                         NA, NA,
                         NA, NA,
                         NA, NA,
                         NA, NA)

gunshot_percent2 <- c(NA, NA,
                      NA, NA,
                      0.00, 1.03,
                      NA, NA,
                      NA, NA,
                      NA, NA,
                      NA, NA)

suicidalIdeation_percent2 <- c(NA, NA,
                               NA, NA,
                               NA, NA,
                               3.23, 0.00,
                               NA, NA,
                               NA, NA,
                               NA, NA)

############################################################################
#non-serious adverse events

totalAE_percent2 <- c(90.48, 89.47,
                      NA, NA, #need to contact about final percentages
                      89.11, 90.72,
                      0.00, 0.00,
                      96.51, 90.59,
                      81.82, 87.50,
                      NA, NA)

diarrhea_percent2 <- c(9.52, 21.05,
                       NA,   NA,
                       9.90, 11.34,
                       NA, NA,
                       8.40, 3.90,
                       13.64, 25.00,
                       NA, NA)

nausea_percent2 <- c(14.29, 15.79,
                     NA, NA,
                     17.82, 37.11,
                     NA, NA,
                     12.00, 48.10,
                     27.27, 58.33,
                     NA, NA)

headache_percent2 <- c(14.29, 26.32,
                       NA, NA,
                       29.70, 26.80,
                       NA, NA,
                       15.70, 22.10,
                       36.36, 45.83,
                       NA, NA)

bodyaches_percent2 <- c(19.05, 26.32,
                        NA, NA,
                        NA, NA,
                        NA, NA,
                        NA, NA,
                        NA, NA,
                        NA, NA)

bloodPR_percent2 <- c(9.52, 5.26,
                      NA, NA,
                      NA, NA,
                      NA, NA,
                      NA, NA,
                      NA, NA,
                      NA, NA)

cough_percent2 <- c(4.76, 5.26,
                    NA, NA,
                    NA, NA,
                    NA, NA,
                    6.00, 0.00,
                    36.36, 45.83,
                    NA, NA)

nightmare_percent2 <- c(0.00, 10.53,
                        NA, NA,
                        NA, NA,
                        NA, NA,
                        NA, NA,
                        NA, NA,
                        NA, NA)

insomnia_percent2 <- c(9.52, 10.53,
                       NA, NA,
                       11.88, 15.46,
                       NA, NA,
                       3.60, 5.20,
                       NA, NA,
                       10.00, 25.00)

vividDreams_percent2 <- c(14.29, 21.05,
                          NA, NA,
                          NA, NA,
                          NA, NA,
                          NA, NA,
                          NA, NA,
                          NA, NA)

PTSD_percent2 <- c(0.00, 5.26,
                   NA, NA,
                   NA, NA,
                   NA, NA,
                   NA, NA,
                   NA, NA,
                   NA, NA)

depressed_percent2 <- c(9.52, 10.53,
                        NA, NA,
                        5.94, 7.22,
                        NA, NA,
                        12.00, 13.00,
                        NA, NA,
                        NA, NA)

