#######################################################################################
#studies with percent heavy drinking days as outcomes and their basic information for the dataframe
study <- c("Plebani et al. 2013","Plebani et al. 2013",
           "Fucito et al. 2011","Fucito et al. 2011",
           "Litten et al. 2013","Litten et al. 2013",
           "Hurt et al. 2018","Hurt et al. 2018",
           "O'Malley et al. 2018","O'Malley et al. 2018",
           "Bejczy et al. 2015","Bejczy et al. 2015",
           "Schacht et al. 2014","Schacht et al. 2014")
#Studies with copy for PBO and VAR2mg

clinical_trial <- c("NCT00705523", "NCT00705523",
                    "NCT00860028", "NCT00860028",
                    "NCT01146613", "NCT01146613",
                    "NCT01347112", "NCT01347112",
                    "NCT01553136", "NCT01553136",
                    "NCT00846859", "NCT00846859",
                    NA, NA)
#clinicaltrials.gov registered trial numbers (if available)

sample_size <- c(21,  19, #checked
                 15,  15, #checked
                 101, 97, #checked
                 17,  16, #checked
                 67,  64, #checked
                 85,  86, #checked
                 17,  18) #checked
#sample size used for analysis

duration <- c(13, 13, 
              3,  3,
              13, 13, 
              12, 12,
              16, 16,
              12, 12,
              2,  2)
#duration of study

drug <- c("PBO", "VAR2mg",
          "PBO", "VAR2mg",
          "PBO", "VAR2mg",
          "PBO", "VAR2mg",
          "PBO", "VAR2mg",
          "PBO", "VAR2mg",
          "PBO", "VAR2mg")
#Treatment


##################################################################################
#demographic and baseline information other than baseline outcome data

#First column is PBO, second is VAR2mg
age <- c(48.1,  44.8,
         43.47, 42.87,
         45,    46,
         38.8,  40.2,
         34.20, 34.15,
         55.6,  54.6,
         33.7,  26.8)

#mean age

gender <- c(90.5,  78.9,
            53,    53,
            68.3,  73.2,
            65,    63,
            70.15, 70.31,
            65,    59,
            61.1,  52.94)

#percent male

race <- c(71.4,  42.1,
          87,    93,
          70.3,  61.9,
          94,    88,
          35.82, 40.625,
          NA,    NA,
          NA,    NA)
#percent white

ageSD <- c(10.5, 12.3,
           7.99, 8.52,
           12.3, 11,
           10.4, 11.9,
           12,   12,
           8.11, 9.27, #SEM 0.88, 1
           12,   4.3)

married <- c(NA,    NA,
             NA,    NA,
             45.4,  37.6,
             41,    25,
             16.41, 20.31,
             70.58, 65.11,
             NA,    NA)

employed <- c(NA,    NA,
              NA,    NA,
              71.1,  76.2,
              NA,    NA,
              53.73, 50,
              NA,    NA,
              NA,    NA)

educated <- c(NA,    NA,
              73,    80,
              61.9,  71.3,
              71,    56,
              46.26, 29.68,
              42,    40,
              NA,    NA)

region <- c("US",     "US",
            "US",     "US",
            "US",     "US",
            "US",     "US",
            "US",     "US",
            "SWEDEN", "SWEDEN",
            "US",     "US")

daily_smokers <- c(38.10, 47.37,
                   100,   100,
                   41.00, 38.10,
                   100,   100,
                   89.55, 90.625,
                   53.00, 54.00,
                   47.06, 38.89)

cigs_per_day <- c(15.01, 13.88,
                  18.88, 22.17,
                  11.3,  11.50,
                  21.6,  19.1,
                  10.81, 12.11,
                  14.5,  11.7,
                  9.1,   10.6)

cigs_per_day_sd <- c(12.42, 6.75,
                     6.85,  7.31,
                     6.7,   7.22,
                     7.3,   7.5,
                     6.67,  7.42,
                     12.91, 10.57, #SEM 1.4, 1.14
                     5.90,  7.50)

pfizer_funding <- c(1, 1,
                    0, 0,
                    0, 0,
                    1, 1,
                    1, 1,
                    1, 1,
                    0, 0)

percent_abs <- c(NA,    NA,
                 21.11, 31.78,
                 7.9,   7.7,
                 NA,    NA,
                 21.49, 19.38,
                 12.71, 12.57,
                 NA,    NA)

percent_abs_sd <- c(NA,    NA,
                    29.35, 23.36,
                    13.6,  12.5,
                    NA,    NA,
                    17.79, 18.46,
                    22.40, 21.24, #SEM 2.43, 2.29
                    NA,    NA)

family_hist_alc <- c(NA,    NA,
                     NA,    NA,
                     49.5,  53.6,
                     NA,    NA,
                     26.87, 34.38,
                     68.00, 60.00,
                     64.71, 50.00)

drinks_per_drinking_day <- c(NA,   NA,
                             NA,   NA,
                             13.6, 15.3,
                             NA,   NA,
                             8.70, 8.70,
                             6.89, 8.14,
                             6.80, 8.60)

drinks_per_drinking_day_sd <- c(NA,   NA,
                                NA,   NA,
                                9,    9.6,
                                NA,   NA,
                                3.97, 4.28,
                                3.41, 4.08, #SEM 0.37, 0.44
                                1.80, 6.90)
########################################################################################

PHDD_base <- c(57.14, 54.29,
               48.44, 42.67,
               87.20, 88.10,
               44.28, 44.64,
               61.60, 63.59,
               81.28, 79.00,
               76.20, 75.50)

PHDD_baseSD <- c(NA,    NA, 
                 31.99, 26.68,
                 16.40, 15.80,
                 25.00, 31.07,
                 24.81, 24.97,
                 20.42, 18.12, #SEM
                 18.50, 23.20)

PHDD_post <- c(17.29, 12.71, #median... 18.57% for 13th week, 6.92% for 13th week 
               38.00, 22.70,
               48.40, 37.90, #averaged across treatment period, for the week 9-13... missing days imputed as heavy drinking days 50.2, 39.6
               #missing days using multiple imputations 47.4,38.2
               32.50, 28.21, #for end of treatment...week 24: 31.43, 27.86
               9.78,  11.02, #8.08,  7.32, #LSmean percent last 8 weeks
               49.00, 51.00,
               56.40, 59.20)

PHDD_postSD <- c(4.43,  2.57,
                 31.20, 17.50,
                 3.52,  3.60,
                 25.71, 29.64, #for end of treatment...week 24: 26.79, 30.36
                 10.07, 9.84, #Standard Error = 1.23, 1.23
                 26.86, 27.89,
                 28.86, 28.85)

#######################################################################################
#Alternative outcome measurements
#Plebani et al. 2013

#the varenicline group had slightly lower numbers of heavy drinking days:
#beta = -0.67
#exp(beta) = 0.51
#chi-squared(1) = 2.71
#p-value = 0.10
#placebo group having an average of 1.95 times more heavy drinking days per week

########################################################################################
